Data trained
clf declared
Calling RandomShapeletTransform(BaseTransformer)::_transform
Grab pre-trained data
Sorted indices 8
[array([12, 11, 13, 15, 14,  3,  4,  2,  5,  1,  0,  6,  7,  8,  9, 10]), array([11,  6,  0,  7,  5,  4, 10,  1,  8,  3,  9,  2]), array([13, 12, 17, 14, 16,  4,  3,  6,  5, 15,  0,  1,  7,  2,  8,  9, 11,
       10]), array([12, 13, 14, 11,  3,  4,  5,  6,  2,  1,  0,  7,  8,  9, 10]), array([13, 12, 14,  3,  5,  4,  6,  2,  1, 11,  7,  0,  8,  9, 10]), array([7, 8, 6, 0, 1, 2, 3, 4, 5]), array([6, 0, 1, 2, 7, 8, 5, 3, 4]), array([3, 0, 1, 2])]
Shapelets 8
[(1.0, 16, 1, 0, 17, np.str_('2'), array([-0.79157138, -0.81336608, -0.89570161, -0.91265305, -0.90780978,
       -0.88359345, -0.76009015, -0.52034845, -0.48644559, -0.16678999,
        0.0656868 ,  1.49202881,  1.85527381,  1.43875288,  1.11183238,
        1.17479485])), (1.0, 12, 0, 0, 4, np.str_('1'), array([ 0.96196886,  0.61335472,  0.01171418, -0.38188243, -0.76423342,
       -0.91042645, -0.97790016, -0.92729488, -0.52807546, -0.34814558,
        0.72018809,  2.53073251])), (0.758276657193, 18, 0, 0, 12, np.str_('2'), array([-0.83317477, -0.83317477, -0.73471985, -0.96362754, -0.97101165,
       -0.95132067, -0.95378204, -0.81348378, -0.54273275, -0.44920058,
       -0.2645976 ,  0.40735723,  1.57158667,  1.72665317,  1.14823051,
        0.8848636 ,  1.03008461,  1.54205019])), (0.758276657193, 15, 0, 0, 13, np.str_('2'), array([-0.64102783, -0.67569881, -0.71961538, -0.78664594, -0.78433454,
       -0.76584335, -0.75659776, -0.62484804, -0.31049786, -0.2504015 ,
        0.04083471,  0.85675836,  2.02632597,  1.89457625,  1.49701572])), (0.758276657193, 15, 0, 0, 11, np.str_('2'), array([-0.4875386 , -0.67517681, -0.70404422, -0.79305209, -0.78824086,
       -0.79305209, -0.75937344, -0.57895208, -0.41296444, -0.33357904,
        0.23655244,  0.61904572,  1.97581431,  2.12736825,  1.36719294])), (0.758276657193, 9, 6, 0, 9, np.str_('1'), array([-1.00932456, -0.98196336, -0.90769722, -0.79238927, -0.46600915,
        0.19847733,  1.11898655,  1.52940467,  1.310515  ])), (0.609986547011, 9, 7, 0, 1, np.str_('1'), array([-1.27929218, -1.19541435, -1.04070636, -0.57844634, -0.11618632,
        0.94067429,  1.28177745,  1.0021847 ,  0.98540913])), (0.609986547011, 4, 9, 0, 3, np.str_('1'), array([-1.1585706 , -0.62219532,  0.30513794,  1.47562799]))]
Outputting _transform
Calling BaseTransformer::transform
Data fitted
Calling predict
Printing X
End of X
Calling _transfomer.transform
Calling RandomShapeletTransform(BaseTransformer)::_transform
Grab pre-trained data
Sorted indices 8
[array([12, 11, 13, 15, 14,  3,  4,  2,  5,  1,  0,  6,  7,  8,  9, 10]), array([11,  6,  0,  7,  5,  4, 10,  1,  8,  3,  9,  2]), array([13, 12, 17, 14, 16,  4,  3,  6,  5, 15,  0,  1,  7,  2,  8,  9, 11,
       10]), array([12, 13, 14, 11,  3,  4,  5,  6,  2,  1,  0,  7,  8,  9, 10]), array([13, 12, 14,  3,  5,  4,  6,  2,  1, 11,  7,  0,  8,  9, 10]), array([7, 8, 6, 0, 1, 2, 3, 4, 5]), array([6, 0, 1, 2, 7, 8, 5, 3, 4]), array([3, 0, 1, 2])]
Shapelets 8
[(1.0, 16, 1, 0, 17, np.str_('2'), array([-0.79157138, -0.81336608, -0.89570161, -0.91265305, -0.90780978,
       -0.88359345, -0.76009015, -0.52034845, -0.48644559, -0.16678999,
        0.0656868 ,  1.49202881,  1.85527381,  1.43875288,  1.11183238,
        1.17479485])), (1.0, 12, 0, 0, 4, np.str_('1'), array([ 0.96196886,  0.61335472,  0.01171418, -0.38188243, -0.76423342,
       -0.91042645, -0.97790016, -0.92729488, -0.52807546, -0.34814558,
        0.72018809,  2.53073251])), (0.758276657193, 18, 0, 0, 12, np.str_('2'), array([-0.83317477, -0.83317477, -0.73471985, -0.96362754, -0.97101165,
       -0.95132067, -0.95378204, -0.81348378, -0.54273275, -0.44920058,
       -0.2645976 ,  0.40735723,  1.57158667,  1.72665317,  1.14823051,
        0.8848636 ,  1.03008461,  1.54205019])), (0.758276657193, 15, 0, 0, 13, np.str_('2'), array([-0.64102783, -0.67569881, -0.71961538, -0.78664594, -0.78433454,
       -0.76584335, -0.75659776, -0.62484804, -0.31049786, -0.2504015 ,
        0.04083471,  0.85675836,  2.02632597,  1.89457625,  1.49701572])), (0.758276657193, 15, 0, 0, 11, np.str_('2'), array([-0.4875386 , -0.67517681, -0.70404422, -0.79305209, -0.78824086,
       -0.79305209, -0.75937344, -0.57895208, -0.41296444, -0.33357904,
        0.23655244,  0.61904572,  1.97581431,  2.12736825,  1.36719294])), (0.758276657193, 9, 6, 0, 9, np.str_('1'), array([-1.00932456, -0.98196336, -0.90769722, -0.79238927, -0.46600915,
        0.19847733,  1.11898655,  1.52940467,  1.310515  ])), (0.609986547011, 9, 7, 0, 1, np.str_('1'), array([-1.27929218, -1.19541435, -1.04070636, -0.57844634, -0.11618632,
        0.94067429,  1.28177745,  1.0021847 ,  0.98540913])), (0.609986547011, 4, 9, 0, 3, np.str_('1'), array([-1.1585706 , -0.62219532,  0.30513794,  1.47562799]))]
Outputting _transform
Calling BaseTransformer::transform
Calling _estimator.predict(X_t)
