Data trained
clf declared
Calling RandomShapeletTransform(BaseTransformer)::_transform
Outputting _transform
Calling BaseTransformer::transform
Data fitted
Calling predict
Printing X

[[[ 501.  328.  195.  218.   67.   17.   28.   72.  132.  215.  406.
    765. 1207. 1427. 1234. 1238. 1107. 1190. 1255. 1144.  905.  690.
    386.  192.]]

 [[ 880.  752.  913.  863.  402.  112.   60.  112.  119.  186.  365.
    596.  990. 1193. 1040. 1063. 1009. 1025. 1089.  979.  706.  585.
    356.  187.]]

 [[ 493.  389.  174.  121.   82.   36.   27.   64.  127.  203.  415.
    747. 1164. 1414. 1520. 1295. 1265. 1430. 1637. 1697. 1456. 1319.
   1179.  848.]]

 [[ 616.  323.  162.  166.   68.   26.   34.   68.  123.  263.  815.
   1611. 1823. 2019. 1763. 1728. 1568. 1439. 1431. 1282. 1078.  857.
    498.  248.]]

 [[ 389.  276.  161.  124.   35.   26.   51.   75.   71.  126.  225.
    496.  968. 1128. 1117.  993.  819.  879.  998. 1057. 1014.  987.
    836.  680.]]

 [[ 548.  384.  245.  147.  101.   40.   30.   66.   77.  209.  380.
    650. 1229. 1527. 1456. 1333. 1326. 1293. 1582. 1713. 1490. 1270.
   1206.  752.]]

 [[ 369.  297.  171.  108.   90.   47.   37.   73.  164.  203.  325.
    584. 1160. 1371. 1238. 1213. 1268. 1370. 1530. 1524. 1343. 1020.
    884.  585.]]

 [[ 418.  350.  116.   93.   90.   37.   27.   52.  100.  155.  392.
    697. 1093. 1413. 1353. 1247. 1280. 1357. 1520. 1555. 1212. 1022.
    817.  502.]]

 [[ 504.  273.  175.  135.   62.   44.   35.   65.  112.  180.  370.
    668. 1205. 1491. 1390. 1329. 1342. 1455. 1653. 1739. 1537. 1222.
   1041.  665.]]

 [[ 498.  339.  170.  194.   94.   48.   31.   60.  164.  166.  355.
    777. 1251. 1358. 1265. 1280. 1226. 1379. 1493. 1561. 1198.  907.
    919.  731.]]

 [[ 478.  405.  237.  154.   62.   61.   29.   50.   78.  242.  362.
    836. 1462. 1431. 1459. 1315. 1214. 1221. 1299. 1239. 1208.  966.
    653.  296.]]

 [[ 595.  300.  190.  137.   44.   34.   22.   56.  100.  186.  405.
    702. 1267. 1459. 1360. 1179. 1276. 1350. 1597. 1609. 1373. 1051.
    897.  592.]]

 [[ 129.   91.   47.   15.   46.   21.   38.   90.  203.  226.  316.
    453.  850. 1133.  852.  793.  854.  977. 1135. 1041.  896.  822.
    555.  366.]]

 [[ 181.  116.  103.   53.   35.   46.   52.   98.  252.  202.  353.
    642. 1181. 1324.  937.  987.  932. 1242. 1344. 1327. 1083.  834.
    912.  413.]]

 [[ 349.  187.  100.   65.   65.   40.   20.   41.   48.  104.  461.
    771. 1449. 1622. 1389. 1446. 1240. 1268. 1320. 1449. 1438. 1318.
   1075.  484.]]

 [[ 219.  143.  120.   27.   15.   23.   36.   88.  223.  212.  317.
    487. 1002. 1063.  718.  773.  759.  989. 1156. 1211. 1107. 1094.
    879.  582.]]

 [[ 124.   51.   37.   12.   15.   23.   31.   89.  188.  316.  442.
    656. 1250. 1427. 1229.  993.  944. 1056. 1144. 1068.  855.  681.
    411.  245.]]

 [[ 540.  484.  252.  160.  158.   46.   49.   53.  141.  167.  459.
    806. 1393. 1638. 1545. 1441. 1389. 1495. 1597. 1822. 1653. 1261.
    876.  679.]]

 [[ 103.   78.   34.   19.   29.   24.   26.   67.  168.  185.  315.
    670. 1011. 1089.  957.  766.  790.  946. 1119. 1163. 1030.  718.
    529.  225.]]

 [[ 105.   66.   55.   21.   36.   16.   26.   87.  266.  201.  352.
    607. 1095. 1245.  870.  769.  787.  993. 1138.  936.  712.  532.
    312.  160.]]

 [[  95.   63.   45.   26.    3.   23.   28.  108.  209.  241.  372.
    549. 1206. 1223. 1156. 1102. 1083. 1107. 1109. 1193.  900.  660.
    442.  226.]]

 [[ 193.  195.   90.   46.   49.   15.   21.   45.  106.  147.  365.
    767. 1120. 1125. 1235. 1056. 1031. 1006. 1131. 1034.  856.  587.
    317.  224.]]]

End of X
Calling _transfomer.transform
Calling RandomShapeletTransform(BaseTransformer)::_transform
Outputting _transform
Calling BaseTransformer::transform
Printing X_t
[[0.06630776 0.07030336 0.018371   0.02213035 0.0134729  0.0497692
  0.00948523 0.00959239 0.02761112]
 [0.4898486  0.5143663  0.3202482  0.24568743 0.26628347 0.50080251
  0.2245213  0.01611375 0.04637924]
 [0.07515117 0.07447783 0.00716845 0.03432626 0.01821061 0.05612041
  0.01492395 0.02032696 0.04061375]
 [0.10435175 0.09724812 0.091607   0.09622684 0.04576669 0.09390337
  0.01961873 0.02527391 0.06278473]
 [0.07292935 0.07554851 0.00448067 0.01685213 0.02437101 0.05421991
  0.01349395 0.01479144 0.04273859]
 [0.07347965 0.07400886 0.00431756 0.01931305 0.02539715 0.06280598
  0.00881912 0.01869359 0.02609099]
 [0.04276983 0.0423136  0.01537924 0.0322829  0.02718154 0.03228831
  0.01466693 0.01456655 0.04964549]
 [0.06501025 0.06813517 0.00971235 0.03943873 0.02099926 0.05697034
  0.01300267 0.0182156  0.03767917]
 [0.05939432 0.06274686 0.00899371 0.02597261 0.02296215 0.03605399
  0.01008623 0.01559002 0.0404524 ]
 [0.07108727 0.0681858  0.01873912 0.02121197 0.00742972 0.04816178
  0.0097047  0.00724702 0.03188336]
 [0.07003888 0.06599734 0.02298167 0.01871186 0.00667816 0.05980315
  0.01453333 0.00753188 0.03033077]
 [0.06894031 0.07994121 0.01229707 0.01306246 0.01716104 0.03592442
  0.00651813 0.00603312 0.03342208]
 [0.01015783 0.02571378 0.09157759 0.12584022 0.1086756  0.02223243
  0.0455646  0.04013335 0.0425906 ]
 [0.02013543 0.0261487  0.10133783 0.10649987 0.08949645 0.00614111
  0.04737669 0.0357024  0.01881602]
 [0.03629444 0.0345613  0.03945055 0.04985429 0.03003735 0.02351487
  0.01460972 0.01751137 0.04089476]
 [0.03244731 0.04261745 0.11205347 0.10093963 0.09535219 0.00827763
  0.07158108 0.06189938 0.02090824]
 [0.0125109  0.01606648 0.0999894  0.1248778  0.09145771 0.00666063
  0.04839894 0.02251732 0.02808087]
 [0.0686918  0.07717933 0.0072328  0.01961853 0.01187772 0.06795492
  0.00453163 0.00872907 0.04404509]
 [0.02988483 0.03074024 0.10398775 0.12258129 0.07033182 0.01789251
  0.04636332 0.01783048 0.00957107]
 [0.03028551 0.04324638 0.14199191 0.15116251 0.11523919 0.00837919
  0.07643978 0.05863812 0.02185719]
 [0.0094856  0.         0.09233488 0.11420606 0.09048011 0.0018636
  0.03596333 0.01754876 0.0266701 ]
 [0.04863341 0.03689338 0.05361013 0.07502993 0.02786382 0.04128005
  0.02575761 0.01406351 0.03757913]]
Calling _estimator.predict(X_t)
