Sorted indices
{{11, 10, 12,  4,  5,  3,  2,  6,  7,  1,  9,  0,  8}, {12, 11,  4,  5,  3,  2,  6,  1, 10,  7,  0,  8,  9}, {12, 11,  5,  6,  7,  4,  0,  8,  2,  3,  9, 10,  1}, {0, 1, 6, 5, 7, 4, 3, 2, 9, 8}, {13, 12, 14, 15,  3,  5,  4,  6,  2,  1,  7,  0, 11,  8,  9, 10}, {6, 7, 2, 4, 3, 1, 5, 0}, { 9,  8, 10,  0,  1,  2,  3,  4,  5,  7,  6}, {6, 5, 1, 2, 0, 3, 4}}


Shapelets
{{1.0, 13, 2, 0, 0, '1', {-0.26857046, -0.45700952, -0.78942451, -0.83388766, -0.85294329,
       -0.83600495, -0.66662152, -0.60310273, -0.26433587,  0.39625951,
        1.68992546,  1.80637656,  1.67933899}}, {1.0, 13, 0, 0, 10, '2', {-0.26329786, -0.46977529, -0.62099819, -0.63553885, -0.65298765,
       -0.64717139, -0.60645753, -0.3912557 , -0.16732948, -0.04227978,
        0.39684827,  1.05990253,  3.04034092}}, {1.0, 13, 0, 0, 2, '1', { 0.74548081,  0.05382985, -0.4126955 , -0.40998315, -0.76258952,
       -0.80869958, -0.78157602, -0.7761513 , -0.61612226, -0.40184608,
        0.19758475,  1.21743087,  2.75533712}}, {1.0, 10, 0, 0, 3, '1', { 2.22116932,  1.23453569,  0.32252141, -0.35734378, -0.64753014,
       -0.97088065, -1.12841039, -0.79676884, -0.06715741,  0.18986479}}, {0.758276657193, 16, 0, 0, 11, '2', {-0.55807404, -0.7427668 , -0.77118107, -0.85879173, -0.85405602,
       -0.85879173, -0.82564175, -0.64805256, -0.4846705 , -0.40653126,
        0.15465059,  0.53113967,  1.8666104 ,  2.01578532,  1.26754286,
        1.17282862}}, {0.758276657193, 8, 13, 0, 8, '1', { 0.00668573, -0.26668654, -1.24726099, -0.84908833, -0.88474559,
        0.137429  ,  1.68257662,  1.4210901 }}, {0.609986547011, 11, 4, 0, 16, '2', {-0.9846605 , -0.97249509, -0.94816428, -0.74540753, -0.54670592,
       -0.45546539, -0.18985405,  0.31703782,  1.59440534,  1.73836263,
        1.19294697}}, {0.609986547011, 7, 3, 0, 18, '2', {-0.72016799, -0.97443783, -0.75333362, -0.69805757,  0.18635926,
        1.30293551,  1.65670225}}}
