Sorted indices 9
{{13, 12,  5,  6,  4,  7, 11,  8,  3,  0,  9,  2,  1, 10}, {10, 11, 12,  9,  4,  2,  3,  5,  1,  0,  6,  8,  7}, {10,  9,  2,  3,  1,  4,  0,  5,  8,  6,  7}, {9, 0, 5, 6, 4, 3, 1, 7, 2, 8}, {12, 11, 13, 16,  5, 14,  6,  4,  3, 17,  7,  8,  2, 15,  1,  9,  0,
       10}, {13, 17, 12, 14,  3,  5,  4,  6, 15,  2, 16,  1,  7,  0,  8,  9, 11,
       10}, {7, 0, 2, 1, 6, 3, 5, 4}, {12, 11, 15, 13, 14,  4,  2,  5,  3,  1,  6,  0,  7, 10,  8,  9}, {13, 12, 18, 17, 14,  5,  3,  6,  4,  2, 15,  0, 16,  1,  7,  8,  9,
       11, 10}}

Shapelets 9
{{1.0, 14, 0, 0, 6, '1', { 0.56073772, -0.16551479, -0.41083754, -0.58329215, -0.78975189,
       -0.85047534, -0.84561747, -0.74360206, -0.58815002, -0.48613462,
       -0.11936496,  0.71618976,  1.87479326,  2.4310201 }}, {1.0, 13, 3, 0, 1, '1', {-0.69528954, -0.77008279, -0.91218996, -0.91218996, -0.91779945,
       -0.83365705, -0.67846106, -0.21474292,  0.24897522,  1.3091695 ,
        1.65134861,  1.37087393,  1.35404545}}, {1.0, 11, 2, 0, 18, '2', {-0.61364035, -0.66904028, -0.73610335, -0.67778763, -0.66320871,
       -0.42994585, -0.1354515 , -0.04214636,  0.33982157,  0.85591563,
        2.77158682}}, {1.0, 10, 1, 0, 4, '1', { 1.63885465,  0.61457049, -0.05552194, -0.70646889, -0.95536036,
       -1.07023335, -0.98407861, -0.30441342,  0.00191455,  1.82073688}}, {0.758276657193, 18, 1, 0, 0, '1', {-0.38321241, -0.53935769, -0.72715405, -1.05843526, -1.10274676,
       -1.1217374 , -1.10485683, -0.93605112, -0.87274897, -0.53513755,
        0.12320472,  1.41245835,  1.52851227,  1.40190799,  1.10649799,
        0.65283264,  1.13814907,  1.017875  }}, {0.758276657193, 18, 0, 0, 11, '2', {-0.68157062, -0.85358665, -0.88005065, -0.961648  , -0.95723733,
       -0.961648  , -0.93077333, -0.7653733 , -0.61320528, -0.54042927,
       -0.01776519,  0.33288287,  1.57669105,  1.71562708,  1.01874164,
        0.93052829,  0.87539495,  1.71342174}}, {0.609986547011, 8, 4, 0, 12, '2', {-0.90930622, -0.86494982, -0.87049437, -0.55445501,  0.0554455 ,
        0.26613841,  0.68197966,  2.19564184}}, {0.531004406411, 16, 1, 0, 14, '2', {-0.76302713, -0.86397436, -0.9092976 , -0.87221495, -0.95050055,
       -0.90311716, -0.81865111, -0.59615518, -0.51992973, -0.07699801,
        0.54516653,  1.75447312,  1.8492399 ,  1.03960193,  0.96337648,
        1.12200783}}, {0.49342260575999997, 19, 0, 0, 19, '2', {-0.90197863, -0.87549829, -0.97660504, -1.03197302, -1.00549268,
       -1.05845336, -1.02715841, -0.76716963, -0.55773422, -0.47107129,
       -0.23756285,  0.39555798,  1.48606648,  1.73161145,  1.10089792,
        0.96608892,  0.89868442,  1.13460017,  1.19719006}}}
